


c1rhozw1 =  0.01;           
c1rhozw2 =  0.001;           
c1scalezwerr = 0;   
c1rhomuow1 =  0.001;         
c1rhomuow2 =  0.001;         
c1scalemuowerr = 0;  


c2gamrer=0;

c1shareowy_nominal = 0.0406;     %ratio of total wholesale oil use to gross output
c2shareowy_nominal = 0.088;      %ratio of total wholesale oil use  to gross output
c1sharemy = 0.12;

c1rhozc1 =     0.2162985427838;           
c1rhozc2 = 0.00010000024577987;           
c1scalezcerr =  0.0065559859524876;       
c2scalezcerr =    0.01077006446931;       
c1rhozi =    0.90592267055841;            
c1scalezierr =   0.026852566158888;       
c1rhogy =    0.99899999803367;            
c1scaleshockgyerr =   0.024627248911243;  
c1rhoyo1 =    0.12358342705819;           
c1rhoyo2 = 0.00010002809431871;           
c1scaleyoerr =   0.025349666563759;       
c2rhoyo1 = 0.00010009546975665;           
c2rhoyo2 =   0.037818500221807;           
c2scaleyoerr =   0.018072294073071;       
c1rhomuoc1 = 0.00010294816003466;         
c1rhomuoc2 =   0.014468002404739;         
c1scalemuocerr =   0.047022988598085;     
c2scalemuocerr =    0.12691876301873;     
c1rhomuc =    0.91884316757498;           
c1scalemucerr =    0.64843349359594;      
c2scalemucerr =    0.71744864960161;      
c1rhoomegacm1 = 0.00010012294124003;      
c1rhoomegacm2 =  0.0019042540938258;      
c1scaleomegacmerr =   0.026284602245045;  
c2scaleomegacmerr =   0.041208515408324;  
c1rhothetawvar =    0.97684135541579;     
c1scalethetawvarerr =     3.6987834172965;
c1rhothetapvar =    0.74013690353831;     
c1scalethetapvarerr =    0.47737277434637;

c1rhopitar =    0.40261163739417;         
c1scalepitarerr =   0.021694152070317;    
c1oelast =    0.42249644216872;           
c1telast =     1.7570196944064;           
c1muzss =      1.005763995437;            
c1vkappa =    0.3 %0.65119280966455;           
c1gamrs =    0.65533860773213; 
c1gamrs2 =   0.65533860773213;
c1gamdpc =    0.19071900990448; 
c1gamdpc2 = 0.19071900990448;
c1gamgdpgap = 3.272048001401e-007;
c1gamgdp = 0;
c1gamomega = 0;
c1gamdpwo = 0;
c2gamrs = c1gamrs;
c2gamdpc = c1gamdpc;
c2gamgdpgap = c1gamgdpgap;

c1xip =    0.81397044833069;              
c1xiw =    0.88999732204371;

c1iotap =4.5252964209175e-007;            
c1iotaw =3.2035571406281e-007;            
c1pistar =     1.0113956536186;           
c1psii =     3.5153813918585;             
c1chi =     59.540202481992;    


